32400
1 1 45 0.707107 0 -0.707107 0 -1 0 -0.707107 -0 -0.707107
2 1 45 0.707107 0 -0.707107 0 -1 0 -0.707107 -0 -0.707107
3 1 45 0.707107 0 -0.707107 0 -1 0 -0.707107 -0 -0.707107
4 1 45 0.707107 0 -0.707107 0 -1 0 -0.707107 -0 -0.707107
5 1 45 0.707107 -0.0251033 -0.706661 0 -0.99937 0.0355014 -0.707107 -0.0251033 -0.706661
6 1 45 0.707107 -0.0249189 -0.706668 0 -0.999379 0.0352407 -0.707107 -0.0249189 -0.706668
7 1 45 0.707107 -0.0247355 -0.706674 0 -0.999388 0.0349813 -0.707107 -0.0247355 -0.706674
8 1 45 0.707107 -0.0245521 -0.70668 0 -0.999397 0.034722 -0.707107 -0.0245521 -0.70668
9 1 45 0.707107 -0.0243685 -0.706687 0 -0.999406 0.0344623 -0.707107 -0.0243685 -0.706687
10 1 45 0.707107 -0.0241834 -0.706693 0 -0.999415 0.0342005 -0.707107 -0.0241834 -0.706693
11 1 45 0.707107 -0.024 -0.706699 0 -0.999424 0.0339411 -0.707107 -0.024 -0.706699
12 1 45 0.707107 -0.0238165 -0.706706 0 -0.999433 0.0336817 -0.707107 -0.0238165 -0.706706
13 1 45 0.707107 -0.0236281 -0.706712 0 -0.999442 0.0334151 -0.707107 -0.0236281 -0.706712
14 1 45 0.707107 0 -0.707107 0 -1 0 -0.707107 -0 -0.707107
15 1 45 0.707107 0 -0.707107 0 -1 0 -0.707107 -0 -0.707107
16 1 45 0.707107 0 -0.707107 0 -1 0 -0.707107 -0 -0.707107
17 1 45 0.707107 0 -0.707107 0 -1 0 -0.707107 -0 -0.707107
18 1 45 0.707107 0.0236314 -0.706712 0 -0.999441 -0.0334199 -0.707107 0.0236314 -0.706712
19 1 45 0.707107 0.0238165 -0.706706 0 -0.999433 -0.0336816 -0.707107 0.0238165 -0.706706
20 1 45 0.707107 0.0239983 -0.706699 0 -0.999424 -0.0339387 -0.707107 0.0239983 -0.706699
21 1 45 0.707107 0.0241851 -0.706693 0 -0.999415 -0.0342029 -0.707107 0.0241851 -0.706693
22 1 45 0.707107 0.0243685 -0.706687 0 -0.999406 -0.0344622 -0.707107 0.0243685 -0.706687
23 1 45 0.707107 0.0245503 -0.70668 0 -0.999397 -0.0347193 -0.707107 0.0245503 -0.70668
24 1 45 0.707107 0.0247354 -0.706674 0 -0.999388 -0.0349811 -0.707107 0.0247354 -0.706674
25 1 45 0.707107 0.0249217 -0.706667 0 -0.999379 -0.0352446 -0.707107 0.0249217 -0.706667
26 1 45 0.707107 0.0250996 -0.706661 0 -0.99937 -0.0354962 -0.707107 0.0250996 -0.706661
27 1 45 0.707107 0 -0.707107 0 -1 0 -0.707107 -0 -0.707107
28 1 45 0.707107 0 -0.707107 0 -1 0 -0.707107 -0 -0.707107
29 1 45 0.707107 0 -0.707107 0 -1 0 -0.707107 -0 -0.707107
30 1 45 0.707107 0 -0.707107 0 -1 0 -0.707107 -0 -0.707107
31 1 45 0.707107 0 -0.707107 0 -1 0 -0.707107 -0 -0.707107
32 1 45 0.707107 0 -0.707107 0 -1 0 -0.707107 -0 -0.707107
33 1 45 0.707107 0 -0.707107 0 -1 0 -0.707107 -0 -0.707107
34 1 45 0.707107 0 -0.707107 0 -1 0 -0.707107 -0 -0.707107
35 1 45 0.707107 -0.0251033 -0.706661 0 -0.99937 0.0355014 -0.707107 -0.0251033 -0.706661
36 1 45 0.707107 -0.0249189 -0.706668 0 -0.999379 0.0352407 -0.707107 -0.0249189 -0.706668
37 1 45 0.707107 -0.0247355 -0.706674 0 -0.999388 0.0349813 -0.707107 -0.0247355 -0.706674
38 1 45 0.707107 -0.0245521 -0.70668 0 -0.999397 0.034722 -0.707107 -0.0245521 -0.70668
39 1 45 0.707107 -0.0243685 -0.706687 0 -0.999406 0.0344623 -0.707107 -0.0243685 -0.706687
40 1 45 0.707107 -0.0241834 -0.706693 0 -0.999415 0.0342005 -0.707107 -0.0241834 -0.706693
41 1 45 0.707107 -0.024 -0.706699 0 -0.999424 0.0339411 -0.707107 -0.024 -0.706699
42 1 45 0.707107 -0.0238165 -0.706706 0 -0.999433 0.0336817 -0.707107 -0.0238165 -0.706706
43 1 45 0.707107 -0.0236281 -0.706712 0 -0.999442 0.0334151 -0.707107 -0.0236281 -0.706712
44 1 45 0.707107 0 -0.707107 0 -1 0 -0.707107 -0 -0.707107
45 1 45 0.707107 0 -0.707107 0 -1 0 -0.707107 -0 -0.707107
46 1 45 0.707107 0 -0.707107 0 -1 0 -0.707107 -0 -0.707107
47 1 45 0.707107 0 -0.707107 0 -1 0 -0.707107 -0 -0.707107
48 1 45 0.707107 0.0236314 -0.706712 0 -0.999441 -0.0334199 -0.707107 0.0236314 -0.706712
49 1 45 0.707107 0.0238165 -0.706706 0 -0.999433 -0.0336816 -0.707107 0.0238165 -0.706706
50 1 45 0.707107 0.0239983 -0.706699 0 -0.999424 -0.0339387 -0.707107 0.0239983 -0.706699
51 1 45 0.707107 0.0241851 -0.706693 0 -0.999415 -0.0342029 -0.707107 0.0241851 -0.706693
52 1 45 0.707107 0.0243685 -0.706687 0 -0.999406 -0.0344622 -0.707107 0.0243685 -0.706687
53 1 45 0.707107 0.0245503 -0.70668 0 -0.999397 -0.0347193 -0.707107 0.0245503 -0.70668
54 1 45 0.707107 0.0247354 -0.706674 0 -0.999388 -0.0349811 -0.707107 0.0247354 -0.706674
55 1 45 0.707107 0.0249217 -0.706667 0 -0.999379 -0.0352446 -0.707107 0.0249217 -0.706667
56 1 45 0.707107 0.0250996 -0.706661 0 -0.99937 -0.0354962 -0.707107 0.0250996 -0.706661
57 1 45 0.707107 0 -0.707107 0 -1 0 -0.707107 -0 -0.707107
58 1 45 0.707107 0 -0.707107 0 -1 0 -0.707107 -0 -0.707107
59 1 45 0.707107 0 -0.707107 0 -1 0 -0.707107 -0 -0.707107
60 1 45 0.707107 0 -0.707107 0 -1 0 -0.707107 -0 -0.707107
61 1 45 0.707107 0 -0.707107 0 -1 0 -0.707107 -0 -0.707107
62 1 45 0.707107 0 -0.707107 0 -1 0 -0.707107 -0 -0.707107
63 1 45 0.707107 0 -0.707107 0 -1 0 -0.707107 -0 -0.707107
64 1 45 0.707107 0 -0.707107 0 -1 0 -0.707107 -0 -0.707107
65 1 45 0.707107 -0.0251033 -0.706661 0 -0.99937 0.0355014 -0.707107 -0.0251033 -0.706661
66 1 45 0.707107 -0.0249189 -0.706668 0 -0.999379 0.0352407 -0.707107 -0.0249189 -0.706668
67 1 45 0.707107 -0.0247355 -0.706674 0 -0.999388 0.0349813 -0.707107 -0.0247355 -0.706674
68 1 45 0.707107 -0.0245521 -0.70668 0 -0.999397 0.034722 -0.707107 -0.0245521 -0.70668
69 1 45 0.707107 -0.0243685 -0.706687 0 -0.999406 0.0344623 -0.707107 -0.0243685 -0.706687
70 1 45 0.707107 -0.0241834 -0.706693 0 -0.999415 0.0342005 -0.707107 -0.0241834 -0.706693
71 1 45 0.707107 -0.024 -0.706699 0 -0.999424 0.0339411 -0.707107 -0.024 -0.706699
72 1 45 0.707107 -0.0238165 -0.706706 0 -0.999433 0.0336817 -0.707107 -0.0238165 -0.706706
73 1 45 0.707107 -0.0236281 -0.706712 0 -0.999442 0.0334151 -0.707107 -0.0236281 -0.706712
74 1 45 0.707107 0 -0.707107 0 -1 0 -0.707107 -0 -0.707107
75 1 45 0.707107 0 -0.707107 0 -1 0 -0.707107 -0 -0.707107
76 1 45 0.707107 0 -0.707107 0 -1 0 -0.707107 -0 -0.707107
77 1 45 0.707107 0 -0.707107 0 -1 0 -0.707107 -0 -0.707107
78 1 45 0.707107 0.0236314 -0.706712 0 -0.999441 -0.0334199 -0.707107 0.0236314 -0.706712
79 1 45 0.707107 0.0238165 -0.706706 0 -0.999433 -0.0336816 -0.707107 0.0238165 -0.706706
80 1 45 0.707107 0.0239983 -0.706699 0 -0.999424 -0.0339387 -0.707107 0.0239983 -0.706699
81 1 45 0.707107 0.0241851 -0.706693 0 -0.999415 -0.0342029 -0.707107 0.0241851 -0.706693
82 1 45 0.707107 0.0243685 -0.706687 0 -0.999406 -0.0344622 -0.707107 0.0243685 -0.706687
83 1 45 0.707107 0.0245503 -0.70668 0 -0.999397 -0.0347193 -0.707107 0.0245503 -0.70668
84 1 45 0.707107 0.0247354 -0.706674 0 -0.999388 -0.0349811 -0.707107 0.0247354 -0.706674
85 1 45 0.707107 0.0249217 -0.706667 0 -0.999379 -0.0352446 -0.707107 0.0249217 -0.706667
86 1 45 0.707107 0.0250996 -0.706661 0 -0.99937 -0.0354962 -0.707107 0.0250996 -0.706661
87 1 45 0.707107 0 -0.707107 0 -1 0 -0.707107 -0 -0.707107
88 1 45 0.707107 0 -0.707107 0 -1 0 -0.707107 -0 -0.707107
89 1 45 0.707107 0 -0.707107 0 -1 0 -0.707107 -0 -0.707107
90 1 45 0.707107 0 -0.707107 0 -1 0 -0.707107 -0 -0.707107
91 1 45 0.707107 0 -0.707107 0 -1 0 -0.707107 -0 -0.707107
92 1 45 0.707107 0 -0.707107 0 -1 0 -0.707107 -0 -0.707107
93 1 45 0.707107 0 -0.707107 0 -1 0 -0.707107 -0 -0.707107
94 1 45 0.707107 0 -0.707107 0 -1 0 -0.707107 -0 -0.707107
95 1 45 0.707107 -0.0251033 -0.706661 0 -0.99937 0.0355014 -0.707107 -0.0251033 -0.706661
96 1 45 0.707107 -0.0249189 -0.706668 0 -0.999379 0.0352407 -0.707107 -0.0249189 -0.706668
97 1 45 0.707107 -0.0247355 -0.706674 0 -0.999388 0.0349813 -0.707107 -0.0247355 -0.706674
98 1 45 0.707107 -0.0245521 -0.70668 0 -0.999397 0.034722 -0.707107 -0.0245521 -0.70668
99 1 45 0.707107 -0.0243685 -0.706687 0 -0.999406 0.0344623 -0.707107 -0.0243685 -0.706687
100 1 45 0.707107 -0.0241834 -0.706693 0 -0.999415 0.0342005 -0.707107 -0.0241834 -0.706693
101 1 45 0.707107 -0.024 -0.706699 0 -0.999424 0.0339411 -0.707107 -0.024 -0.706699
102 1 45 0.707107 -0.0238165 -0.706706 0 -0.999433 0.0336817 -0.707107 -0.0238165 -0.706706
103 1 45 0.707107 -0.0236281 -0.706712 0 -0.999442 0.0334151 -0.707107 -0.0236281 -0.706712
104 1 45 0.707107 0 -0.707107 0 -1 0 -0.707107 -0 -0.707107
105 1 45 0.707107 0 -0.707107 0 -1 0 -0.707107 -0 -0.707107
106 1 45 0.707107 0 -0.707107 0 -1 0 -0.707107 -0 -0.707107
107 1 45 0.707107 0 -0.707107 0 -1 0 -0.707107 -0 -0.707107
108 1 45 0.707107 0.0236314 -0.706712 0 -0.999441 -0.0334199 -0.707107 0.0236314 -0.706712
109 1 45 0.707107 0.0238165 -0.706706 0 -0.999433 -0.0336816 -0.707107 0.0238165 -0.706706
110 1 45 0.707107 0.0239983 -0.706699 0 -0.999424 -0.0339387 -0.707107 0.0239983 -0.706699
111 1 45 0.707107 0.0241851 -0.706693 0 -0.999415 -0.0342029 -0.707107 0.0241851 -0.706693
112 1 45 0.707107 0.0243685 -0.706687 0 -0.999406 -0.0344622 -0.707107 0.0243685 -0.706687
113 1 45 0.707107 0.0245503 -0.70668 0 -0.999397 -0.0347193 -0.707107 0.0245503 -0.70668
114 1 45 0.707107 0.0247354 -0.706674 0 -0.999388 -0.0349811 -0.707107 0.0247354 -0.706674
115 1 45 0.707107 0.0249217 -0.706667 0 -0.999379 -0.0352446 -0.707107 0.0249217 -0.706667
116 1 45 0.707107 0.0250996 -0.706661 0 -0.99937 -0.0354962 -0.707107 0.0250996 -0.706661
117 1 45 0.707107 0 -0.707107 0 -1 0 -0.707107 -0 -0.707107
118 1 45 0.707107 0 -0.707107 0 -1 0 -0.707107 -0 -0.707107
119 1 45 0.707107 0 -0.707107 0 -1 0 -0.707107 -0 -0.707107
120 1 45 0.707107 0 -0.707107 0 -1 0 -0.707107 -0 -0.707107
121 1 45 0.707107 0 -0.707107 0 -1 0 -0.707107 -0 -0.707107
122 1 45 0.707107 0 -0.707107 0 -1 0 -0.707107 -0 -0.707107
123 1 45 0.707107 0 -0.707107 0 -1 0 -0.707107 -0 -0.707107
124 1 45 0.707107 0 -0.707107 0 -1 0 -0.707107 -0 -0.707107
125 1 45 0.707107 -0.0251033 -0.706661 0 -0.99937 0.0355014 -0.707107 -0.0251033 -0.706661
126 1 45 0.707107 -0.0249189 -0.706668 0 -0.999379 0.0352407 -0.707107 -0.0249189 -0.706668
127 1 45 0.707107 -0.0247355 -0.706674 0 -0.999388 0.0349813 -0.707107 -0.0247355 -0.706674
128 1 45 0.707107 -0.0245521 -0.70668 0 -0.999397 0.034722 -0.707107 -0.0245521 -0.70668
129 1 45 0.707107 -0.0243685 -0.706687 0 -0.999406 0.0344623 -0.707107 -0.0243685 -0.706687
130 1 45 0.707107 -0.0241834 -0.706693 0 -0.999415 0.0342005 -0.707107 -0.0241834 -0.706693
131 1 45 0.707107 -0.024 -0.706699 0 -0.999424 0.0339411 -0.707107 -0.024 -0.706699
132 1 45 0.707107 -0.0238165 -0.706706 0 -0.999433 0.0336817 -0.707107 -0.0238165 -0.706706
133 1 45 0.707107 -0.0236281 -0.706712 0 -0.999442 0.0334151 -0.707107 -0.0236281 -0.706712
134 1 45 0.707107 0 -0.707107 0 -1 0 -0.707107 -0 -0.707107
135 1 45 0.707107 0 -0.707107 0 -1 0 -0.707107 -0 -0.707107
136 1 45 0.707107 0 -0.707107 0 -1 0 -0.707107 -0 -0.707107
137 1 45 0.707107 0 -0.707107 0 -1 0 -0.707107 -0 -0.707107
138 1 45 0.707107 0.0236314 -0.706712 0 -0.999441 -0.0334199 -0.707107 0.0236314 -0.706712
139 1 45 0.707107 0.0238165 -0.706706 0 -0.999433 -0.0336816 -0.707107 0.0238165 -0.706706
140 1 45 0.707107 0.0239983 -0.706699 0 -0.999424 -0.0339387 -0.707107 0.0239983 -0.706699
141 1 45 0.707107 0.0241851 -0.706693 0 -0.999415 -0.0342029 -0.707107 0.0241851 -0.706693
142 1 45 0.707107 0.0243685 -0.706687 0 -0.999406 -0.0344622 -0.707107 0.0243685 -0.706687
143 1 45 0.707107 0.0245503 -0.70668 0 -0.999397 -0.0347193 -0.707107 0.0245503 -0.70668
144 1 45 0.707107 0.0247354 -0.706674 0 -0.999388 -0.0349811 -0.707107 0.0247354 -0.706674
145 1 45 0.707107 0.0249217 -0.706667 0 -0.999379 -0.0352446 -0.707107 0.0249217 -0.706667
146 1 45 0.707107 0.0250996 -0.706661 0 -0.99937 -0.0354962 -0.707107 0.0250996 -0.706661
147 1 45 0.707107 0 -0.707107 0 -1 0 -0.707107 -0 -0.707107
148 1 45 0.707107 0 -0.707107 0 -1 0 -0.707107 -0 -0.707107
149 1 45 0.707107 0 -0.707107 0 -1 0 -0.707107 -0 -0.707107
150 1 45 0.707107 0 -0.707107 0 -1 0 -0.707107 -0 -0.707107
151 1 45 0.707107 0 -0.707107 0 -1 0 -0.707107 -0 -0.707107
152 1 45 0.707107 0 -0.707107 0 -1 0 -0.707107 -0 -0.707107
153 1 45 0.707107 0 -0.707107 0 -1 0 -0.707107 -0 -0.707107
154 1 45 0.707107 0 -0.707107 0 -1 0 -0.707107 -0 -0.707107
155 1 45 0.707107 -0.0251033 -0.706661 0 -0.99937 0.0355014 -0.707107 -0.0251033 -0.706661
156 1 45 0.707107 -0.0249189 -0.706668 0 -0.999379 0.0352407 -0.707107 -0.0249189 -0.706668
157 1 45 0.707107 -0.0247355 -0.706674 0 -0.999388 0.0349813 -0.707107 -0.0247355 -0.706674
158 1 45 0.707107 -0.0245521 -0.70668 0 -0.999397 0.034722 -0.707107 -0.0245521 -0.70668
159 1 45 0.707107 -0.0243685 -0.706687 0 -0.999406 0.0344623 -0.707107 -0.0243685 -0.706687
160 1 45 0.707107 -0.0241834 -0.706693 0 -0.999415 0.0342005 -0.707107 -0.0241834 -0.706693
161 1 45 0.707107 -0.024 -0.706699 0 -0.999424 0.0339411 -0.707107 -0.024 -0.706699
162 1 45 0.707107 -0.0238165 -0.706706 0 -0.999433 0.0336817 -0.707107 -0.0238165 -0.706706
163 1 45 0.707107 -0.0236281 -0.706712 0 -0.999442 0.0334151 -0.707107 -0.0236281 -0.706712
164 1 45 0.707107 0 -0.707107 0 -1 0 -0.707107 -0 -0.707107
165 1 45 0.707107 0 -0.707107 0 -1 0 -0.707107 -0 -0.707107
166 1 45 0.707107 0 -0.707107 0 -1 0 -0.707107 -0 -0.707107
167 1 45 0.707107 0 -0.707107 0 -1 0 -0.707107 -0 -0.707107
168 1 45 0.707107 0.0236314 -0.706712 0 -0.999441 -0.0334199 -0.707107 0.0236314 -0.706712
169 1 45 0.707107 0.0238165 -0.706706 0 -0.999433 -0.0336816 -0.707107 0.0238165 -0.706706
170 1 45 0.707107 0.0239983 -0.706699 0 -0.999424 -0.0339387 -0.707107 0.0239983 -0.706699
171 1 45 0.707107 0.0241851 -0.706693 0 -0.999415 -0.0342029 -0.707107 0.0241851 -0.706693
172 1 45 0.707107 0.0243685 -0.706687 0 -0.999406 -0.0344622 -0.707107 0.0243685 -0.706687
173 1 45 0.707107 0.0245503 -0.70668 0 -0.999397 -0.0347193 -0.707107 0.0245503 -0.70668
174 1 45 0.707107 0.0247354 -0.706674 0 -0.999388 -0.0349811 -0.707107 0.0247354 -0.706674
175 1 45 0.707107 0.0249217 -0.706667 0 -0.999379 -0.0352446 -0.707107 0.0249217 -0.706667
176 1 45 0.707107 0.0250996 -0.706661 0 -0.99937 -0.0354962 -0.707107 0.0250996 -0.706661
177 1 45 0.707107 0 -0.707107 0 -1 0 -0.707107 -0 -0.707107
178 1 45 0.707107 0 -0.707107 0 -1 0 -0.707107 -0 -0.707107
179 1 45 0.707107 0 -0.707107 0 -1 0 -0.707107 -0 -0.707107
180 1 45 0.707107 0 -0.707107 0 -1 0 -0.707107 -0 -0.707107
181 1 45 0.707107 0 -0.707107 0 -1 0 -0.707107 -0 -0.707107
182 1 45 0.707107 0 -0.707107 0 -1 0 -0.707107 -0 -0.707107
183 1 45 0.707107 0 -0.707107 0 -1 0 -0.707107 -0 -0.707107
184 1 45 0.707107 0 -0.707107 0 -1 0 -0.707107 -0 -0.707107
185 1 45 0.707107 -0.0251033 -0.706661 0 -0.99937 0.0355014 -0.707107 -0.0251033 -0.706661
186 1 45 0.707107 -0.0249189 -0.706668 0 -0.999379 0.0352407 -0.707107 -0.0249189 -0.706668
187 1 45 0.707107 -0.0247355 -0.706674 0 -0.999388 0.0349813 -0.707107 -0.0247355 -0.706674
188 1 45 0.707107 -0.0245521 -0.70668 0 -0.999397 0.034722 -0.707107 -0.0245521 -0.70668
189 1 45 0.707107 -0.0243685 -0.706687 0 -0.999406 0.0344623 -0.707107 -0.0243685 -0.706687
190 1 45 0.707107 -0.0241834 -0.706693 0 -0.999415 0.0342005 -0.707107 -0.0241834 -0.706693
191 1 45 0.707107 -0.024 -0.706699 0 -0.999424 0.0339411 -0.707107 -0.024 -0.706699
192 1 45 0.707107 -0.0238165 -0.706706 0 -0.999433 0.0336817 -0.707107 -0.0238165 -0.706706
193 1 45 0.707107 -0.0236281 -0.706712 0 -0.999442 0.0334151 -0.707107 -0.0236281 -0.706712
194 1 45 0.707107 0 -0.707107 0 -1 0 -0.707107 -0 -0.707107
195 1 45 0.707107 0 -0.707107 0 -1 0 -0.707107 -0 -0.707107
196 1 45 0.707107 0 -0.707107 0 -1 0 -0.707107 -0 -0.707107
197 1 45 0.707107 0 -0.707107 0 -1 0 -0.707107 -0 -0.707107
198 1 45 0.707107 0.0236314 -0.706712 0 -0.999441 -0.0334199 -0.707107 0.0236314 -0.706712
199 1 45 0.707107 0.0238165 -0.706706 0 -0.999433 -0.0336816 -0.707107 0.0238165 -0.706706
200 1 45 0.707107 0.0239983 -0.706699 0 -0.999424 -0.0339387 -0.707107 0.0239983 -0.706699
201 1 45 0.707107 0.0241851 -0.706693 0 -0.999415 -0.0342029 -0.707107 0.0241851 -0.706693
202 1 45 0.707107 0.0243685 -0.706687 0 -0.999406 -0.0344622 -0.707107 0.0243685 -0.706687
203 1 45 0.707107 0.0245503 -0.70668 0 -0.999397 -0.0347193 -0.707107 0.0245503 -0.70668
204 1 45 0.707107 0.0247354 -0.706674 0 -0.999388 -0.0349811 -0.707107 0.0247354 -0.706674
205 1 45 0.707107 0.0249217 -0.706667 0 -0.999379 -0.0352446 -0.707107 0.0249217 -0.706667
206 1 45 0.707107 0.0250996 -0.706661 0 -0.99937 -0.0354962 -0.707107 0.0250996 -0.706661
207 1 45 0.707107 0 -0.707107 0 -1 0 -0.707107 -0 -0.707107
208 1 45 0.707107 0 -0.707107 0 -1 0 -0.707107 -0 -0.707107
209 1 45 0.707107 0 -0.707107 0 -1 0 -0.707107 -0 -0.707107
210 1 45 0.707107 0 -0.707107 0 -1 0 -0.707107 -0 -0.707107
211 1 45 0.707107 0 -0.707107 0 -1 0 -0.707107 -0 -0.707107
212 1 45 0.707107 0 -0.707107 0 -1 0 -0.707107 -0 -0.707107
213 1 45 0.707107 0 -0.707107 0 -1 0 -0.707107 -0 -0.707107
214 1 45 0.707107 0 -0.707107 0 -1 0 -0.707107 -0 -0.707107
215 1 45 0.707107 -0.0251033 -0.706661 0 -0.99937 0.0355014 -0.707107 -0.0251033 -0.706661
216 1 45 0.707107 -0.0249189 -0.706668 0 -0.999379 0.0352407 -0.707107 -0.0249189 -0.706668
217 1 45 0.707107 -0.0247355 -0.706674 0 -0.999388 0.0349813 -0.707107 -0.0247355 -0.706674
218 1 45 0.707107 -0.0245521 -0.70668 0 -0.999397 0.034722 -0.707107 -0.0245521 -0.70668
219 1 45 0.707107 -0.0243685 -0.706687 0 -0.999406 0.0344623 -0.707107 -0.0243685 -0.706687
220 1 45 0.707107 -0.0241834 -0.706693 0 -0.999415 0.0342005 -0.707107 -0.0241834 -0.706693
221 1 45 0.707107 -0.024 -0.706699 0 -0.999424 0.0339411 -0.707107 -0.024 -0.706699
222 1 45 0.707107 -0.0238165 -0.706706 0 -0.999433 0.0336817 -0.707107 -0.0238165 -0.706706
223 1 45 0.707107 -0.0236281 -0.706712 0 -0.999442 0.0334151 -0.707107 -0.0236281 -0.706712
224 1 45 0.707107 0 -0.707107 0 -1 0 -0.707107 -0 -0.707107
225 1 45 0.707107 0 -0.707107 0 -1 0 -0.707107 -0 -0.707107
226 1 45 0.707107 0 -0.707107 0 -1 0 -0.707107 -0 -0.707107
227 1 45 0.707107 0 -0.707107 0 -1 0 -0.707107 -0 -0.707107
228 1 45 0.707107 0.0236314 -0.706712 0 -0.999441 -0.0334199 -0.707107 0.0236314 -0.706712
229 1 45 0.707107 0.0238165 -0.706706 0 -0.999433 -0.0336816 -0.707107 0.0238165 -0.706706
230 1 45 0.707107 0.0239983 -0.706699 0 -0.999424 -0.0339387 -0.707107 0.0239983 -0.706699
231 1 45 0.707107 0.0241851 -0.706693 0 -0.999415 -0.0342029 -0.707107 0.0241851 -0.706693
232 1 45 0.707107 0.0243685 -0.706687 0 -0.999406 -0.0344622 -0.707107 0.0243685 -0.706687
233 1 45 0.707107 0.0245503 -0.70668 0 -0.999397 -0.0347193 -0.707107 0.0245503 -0.70668
234 1 45 0.707107 0.0247354 -0.706674 0 -0.999388 -0.0349811 -0.707107 0.0247354 -0.706674
235 1 45 0.707107 0.0249217 -0.706667 0 -0.999379 -0.0352446 -0.707107 0.0249217 -0.706667
236 1 45 0.707107 0.0250996 -0.706661 0 -0.99937 -0.0354962 -0.707107 0.0250996 -0.706661
237 1 45 0.707107 0 -0.707107 0 -1 0 -0.707107 -0 -0.707107
238 1 45 0.707107 0 -0.707107 0 -1 0 -0.707107 -0 -0.707107
239 1 45 0.707107 0 -0.707107 0 -1 0 -0.707107 -0 -0.707107
240 1 45 0.707107 0 -0.707107 0 -1 0 -0.707107 -0 -0.707107
241 1 45 0.707107 0 -0.707107 0 -1 0 -0.707107 -0 -0.707107
242 1 45 0.707107 0 -0.707107 0 -1 0 -0.707107 -0 -0.707107
243 1 45 0.707107 0 -0.707107 0 -1 0 -0.707107 -0 -0.707107
244 1 45 0.707107 0 -0.707107 0 -1 0 -0.707107 -0 -0.707107
245 1 45 0.707107 -0.0251033 -0.706661 0 -0.99937 0.0355014 -0.707107 -0.0251033 -0.706661
246 1 45 0.707107 -0.0249189 -0.706668 0 -0.999379 0.0352407 -0.707107 -0.0249189 -0.706668
247 1 45 0.707107 -0.0247355 -0.706674 0 -0.999388 0.0349813 -0.707107 -0.0247355 -0.706674
248 1 45 0.707107 -0.0245521 -0.70668 0 -0.999397 0.034722 -0.707107 -0.0245521 -0.70668
249 1 45 0.707107 -0.0243685 -0.706687 0 -0.999406 0.0344623 -0.707107 -0.0243685 -0.706687
250 1 45 0.707107 -0.0241834 -0.706693 0 -0.999415 0.0342005 -0.707107 -0.0241834 -0.706693
251 1 45 0.707107 -0.024 -0.706699 0 -0.999424 0.0339411 -0.707107 -0.024 -0.706699
252 1 45 0.707107 -0.0238165 -0.706706 0 -0.999433 0.0336817 -0.707107 -0.0238165 -0.706706
253 1 45 0.707107 -0.0236281 -0.706712 0 -0.999442 0.0334151 -0.707107 -0.0236281 -0.706712
254 1 45 0.707107 0 -0.707107 0 -1 0 -0.707107 -0 -0.707107
255 1 45 0.707107 0 -0.707107 0 -1 0 -0.707107 -0 -0.707107
256 1 45 0.707107 0 -0.707107 0 -1 0 -0.707107 -0 -0.707107
257 1 45 0.707107 0 -0.707107 0 -1 0 -0.707107 -0 -0.707107
258 1 45 0.707107 0.0236314 -0.706712 0 -0.999441 -0.0334199 -0.707107 0.0236314 -0.706712
259 1 45 0.707107 0.0238165 -0.706706 0 -0.999433 -0.0336816 -0.707107 0.0238165 -0.706706
260 1 45 0.707107 0.0239983 -0.706699 0 -0.999424 -0.0339387 -0.707107 0.0239983 -0.706699
261 1 45 0.707107 0.0241851 -0.706693 0 -0.999415 -0.0342029 -0.707107 0.0241851 -0.706693
262 1 45 0.707107 0.0243685 -0.706687 0 -0.999406 -0.0344622 -0.707107 0.0243685 -0.706687
263 1 45 0.707107 0.0245503 -0.70668 0 -0.999397 -0.0347193 -0.707107 0.0245503 -0.70668
264 1 45 0.707107 0.0247354 -0.706674 0 -0.999388 -0.0349811 -0.707107 0.0247354 -0.706674
265 1 45 0.707107 0.0249217 -0.706667 0 -0.999379 -0.0352446 -0.707107 0.0249217 -0.706667
266 1 45 0.707107 0.0250996 -0.706661 0 -0.99937 -0.0354962 -0.707107 0.0250996 -0.706661
267 1 45 0.707107 0 -0.707107 0 -1 0 -0.707107 -0 -0.707107
268 1 45 0.707107 0 -0.707107 0 -1 0 -0.707107 -0 -0.707107
269 1 45 0.707107 0 -0.707107 0 -1 0 -0.707107 -0 -0.707107
270 1 45 0.707107 0 -0.707107 0 -1 0 -0.707107 -0 -0.707107
271 1 45 0.707107 0 -0.707107 0 -1 0 -0.707107 -0 -0.707107
272 1 45 0.707107 0 -0.707107 0 -1 0 -0.707107 -0 -0.707107
273 1 45 0.707107 0 -0.707107 0 -1 0 -0.707107 -0 -0.707107
274 1 45 0.707107 0 -0.707107 0 -1 0 -0.707107 -0 -0.707107
275 1 45 0.707107 -0.0251033 -0.706661 0 -0.99937 0.0355014 -0.707107 -0.0251033 -0.706661
276 1 45 0.707107 -0.0249189 -0.706668 0 -0.999379 0.0352407 -0.707107 -0.0249189 -0.706668
277 1 45 0.707107 -0.0247355 -0.706674 0 -0.999388 0.0349813 -0.707107 -0.0247355 -0.706674
278 1 45 0.707107 -0.0245521 -0.70668 0 -0.999397 0.034722 -0.707107 -0.0245521 -0.70668
279 1 45 0.707107 -0.0243685 -0.706687 0 -0.999406 0.0344623 -0.707107 -0.0243685 -0.706687
280 1 45 0.707107 -0.0241834 -0.706693 0 -0.999415 0.0342005 -0.707107 -0.0241834 -0.706693
281 1 45 0.707107 -0.024 -0.706699 0 -0.999424 0.0339411 -0.707107 -0.024 -0.706699
282 1 45 0.707107 -0.0238165 -0.706706 0 -0.999433 0.0336817 -0.707107 -0.0238165 -0.706706
283 1 45 0.707107 -0.0236281 -0.706712 0 -0.999442 0.0334151 -0.707107 -0.0236281 -0.706712
284 1 45 0.707107 0 -0.707107 0 -1 0 -0.707107 -0 -0.707107
285 1 45 0.707107 0 -0.707107 0 -1 0 -0.707107 -0 -0.707107
286 1 45 0.707107 0 -0.707107 0 -1 0 -0.707107 -0 -0.707107
287 1 45 0.707107 0 -0.707107 0 -1 0 -0.707107 -0 -0.707107
288 1 45 0.707107 0.0236314 -0.706712 0 -0.999441 -0.0334199 -0.707107 0.0236314 -0.706712
289 1 45 0.707107 0.0238165 -0.706706 0 -0.999433 -0.0336816 -0.707107 0.0238165 -0.706706
290 1 45 0.707107 0.0239983 -0.706699 0 -0.999424 -0.0339387 -0.707107 0.0239983 -0.706699
291 1 45 0.707107 0.0241851 -0.706693 0 -0.999415 -0.0342029 -0.707107 0.0241851 -0.706693
292 1 45 0.707107 0.0243685 -0.706687 0 -0.999406 -0.0344622 -0.707107 0.0243685 -0.706687
293 1 45 0.707107 0.0245503 -0.70668 0 -0.999397 -0.0347193 -0.707107 0.0245503 -0.70668
294 1 45 0.707107 0.0247354 -0.706674 0 -0.999388 -0.0349811 -0.707107 0.0247354 -0.706674
295 1 45 0.707107 0.0249217 -0.706667 0 -0.999379 -0.0352446 -0.707107 0.0249217 -0.706667
296 1 45 0.707107 0.0250996 -0.706661 0 -0.99937 -0.0354962 -0.707107 0.0250996 -0.706661
297 1 45 0.707107 0 -0.707107 0 -1 0 -0.707107 -0 -0.707107
298 1 45 0.707107 0 -0.707107 0 -1 0 -0.707107 -0 -0.707107
299 1 45 0.707107 0 -0.707107 0 -1 0 -0.707107 -0 -0.707107
300 1 45 0.707107 0 -0.707107 0 -1 0 -0.707107 -0 -0.707107
301 1 45 0.707107 0 -0.707107 0 -1 0 -0.707107 -0 -0.707107
302 1 45 0.707107 0 -0.707107 0 -1 0 -0.707107 -0 -0.707107
303 1 45 0.707107 0 -0.707107 0 -1 0 -0.707107 -0 -0.707107
304 1 45 0.707107 0 -0.707107 0 -1 0 -0.707107 -0 -0.707107
305 1 45 0.707107 -0.0251033 -0.706661 0 -0.99937 0.0355014 -0.707107 -0.0251033 -0.706661
306 1 45 0.707107 -0.0249189 -0.706668 0 -0.999379 0.0352407 -0.707107 -0.0249189 -0.706668
307 1 45 0.707107 -0.0247355 -0.706674 0 -0.999388 0.0349813 -0.707107 -0.0247355 -0.706674
308 1 45 0.707107 -0.0245521 -0.70668 0 -0.999397 0.034722 -0.707107 -0.0245521 -0.70668
309 1 45 0.707107 -0.0243685 -0.706687 0 -0.999406 0.0344623 -0.707107 -0.0243685 -0.706687
310 1 45 0.707107 -0.0241834 -0.706693 0 -0.999415 0.0342005 -0.707107 -0.0241834 -0.706693
311 1 45 0.707107 -0.024 -0.706699 0 -0.999424 0.0339411 -0.707107 -0.024 -0.706699
312 1 45 0.707107 -0.0238165 -0.706706 0 -0.999433 0.0336817 -0.707107 -0.0238165 -0.706706
313 1 45 0.707107 -0.0236281 -0.706712 0 -0.999442 0.0334151 -0.707107 -0.0236281 -0.706712
314 1 45 0.707107 0 -0.707107 0 -1 0 -0.707107 -0 -0.707107
315 1 45 0.707107 0 -0.707107 0 -1 0 -0.707107 -0 -0.707107
316 1 45 0.707107 0 -0.707107 0 -1 0 -0.707107 -0 -0.707107
317 1 45 0.707107 0 -0.707107 0 -1 0 -0.707107 -0 -0.707107
318 1 45 0.707107 0.0236314 -0.706712 0 -0.999441 -0.0334199 -0.707107 0.0236314 -0.706712
319 1 45 0.707107 0.0238165 -0.706706 0 -0.999433 -0.0336816 -0.707107 0.0238165 -0.706706
320 1 45 0.707107 0.0239983 -0.706699 0 -0.999424 -0.0339387 -0.707107 0.0239983 -0.706699
321 1 45 0.707107 0.0241851 -0.706693 0 -0.999415 -0.0342029 -0.707107 0.0241851 -0.706693
322 1 45 0.707107 0.0243685 -0.706687 0 -0.999406 -0.0344622 -0.707107 0.0243685 -0.706687
323 1 45 0.707107 0.0245503 -0.70668 0 -0.999397 -0.0347193 -0.707107 0.0245503 -0.70668
324 1 45 0.707107 0.0247354 -0.706674 0 -0.999388 -0.0349811 -0.707107 0.0247354 -0.706674
325 1 45 0.707107 0.0249217 -0.706667 0 -0.999379 -0.0352446 -0.707107 0.0249217 -0.706667
326 1 45 0.707107 0.0250996 -0.706661 0 -0.99937 -0.0354962 -0.707107 0.0250996 -0.706661
327 1 45 0.707107 0 -0.707107 0 -1 0 -0.707107 -0 -0.707107
328 1 45 0.707107 0 -0.707107 0 -1 0 -0.707107 -0 -0.707107
329 1 45 0.707107 0 -0.707107 0 -1 0 -0.707107 -0 -0.707107
330 1 45 0.707107 0 -0.707107 0 -1 0 -0.707107 -0 -0.707107
331 1 45 0.701056 0.0923046 -0.707107 0.130538 -0.991443 0 -0.701056 -0.0923046 -0.707107
332 1 45 0.701056 0.0923046 -0.707107 0.130538 -0.991443 0 -0.701056 -0.0923046 -0.707107
333 1 45 0.701056 0.0923046 -0.707107 0.130538 -0.991443 0 -0.701056 -0.0923046 -0.707107
334 1 45 0.701056 0.0923046 -0.707107 0.130538 -0.991443 0 -0.701056 -0.0923046 -0.707107
335 1 45 0.704696 0.0646556 -0.706557 0.130426 -0.990674 0.0394277 -0.697418 -0.119938 -0.706557
336 1 45 0.704667 0.0648823 -0.706565 0.130463 -0.99068 0.0391403 -0.697441 -0.119761 -0.706565
337 1 45 0.704643 0.0650576 -0.706573 0.130424 -0.990697 0.0388496 -0.697472 -0.119529 -0.706573
338 1 45 0.704617 0.0652567 -0.706581 0.130423 -0.990708 0.0385627 -0.697499 -0.119326 -0.706581
339 1 45 0.704588 0.0654842 -0.706589 0.130461 -0.990714 0.0382753 -0.697521 -0.11915 -0.706589
340 1 45 0.704561 0.0656854 -0.706596 0.13046 -0.990726 0.0379858 -0.697548 -0.118946 -0.706596
341 1 45 0.704535 0.0658863 -0.706604 0.130459 -0.990737 0.0376966 -0.697575 -0.118741 -0.706604
342 1 45 0.704508 0.0660871 -0.706612 0.130457 -0.990748 0.037407 -0.697602 -0.118536 -0.706612
343 1 45 0.704482 0.0662885 -0.70662 0.130456 -0.990759 0.0371177 -0.697629 -0.118332 -0.70662
344 1 45 0.701057 0.0922983 -0.707107 0.13053 -0.991444 0 -0.701057 -0.0922984 -0.707107
345 1 45 0.701057 0.0922988 -0.707107 0.13053 -0.991444 0 -0.701057 -0.0922988 -0.707107
346 1 45 0.701057 0.0922988 -0.707107 0.13053 -0.991444 0 -0.701057 -0.0922988 -0.707107
347 1 45 0.701053 0.0923268 -0.707107 0.13057 -0.991439 0 -0.701053 -0.0923268 -0.707107
348 1 45 0.697629 0.118332 -0.70662 0.130456 -0.990759 -0.0371177 -0.704482 -0.0662886 -0.70662
349 1 45 0.697603 0.118533 -0.706612 0.130457 -0.990748 -0.0374023 -0.704508 -0.0660909 -0.706612
350 1 45 0.697575 0.118741 -0.706604 0.130459 -0.990737 -0.0376965 -0.704535 -0.0658864 -0.706604
351 1 45 0.697548 0.118946 -0.706596 0.13046 -0.990726 -0.0379858 -0.704562 -0.0656854 -0.706596
352 1 45 0.697526 0.119118 -0.706589 0.130422 -0.99072 -0.038268 -0.70459 -0.0654619 -0.706589
353 1 45 0.697499 0.119327 -0.706581 0.130423 -0.990708 -0.0385645 -0.704617 -0.0652555 -0.706581
354 1 45 0.697472 0.119528 -0.706573 0.130424 -0.990697 -0.0388478 -0.704643 -0.0650587 -0.706573
355 1 45 0.69744 0.119765 -0.706565 0.130463 -0.99068 -0.0391455 -0.704668 -0.0648787 -0.706565
356 1 45 0.697415 0.119957 -0.706557 0.130463 -0.990669 -0.0394179 -0.704693 -0.0646892 -0.706557
357 1 45 0.701056 0.0923046 -0.707107 0.130538 -0.991443 0 -0.701056 -0.0923046 -0.707107
358 1 45 0.701056 0.0923046 -0.707107 0.130538 -0.991443 0 -0.701056 -0.0923046 -0.707107
359 1 45 0.701056 0.0923046 -0.707107 0.130538 -0.991443 0 -0.701056 -0.0923046 -0.707107
360 1 45 0.701056 0.0923046 -0.707107 0.130538 -0.991443 0 -0.701056 -0.0923046 -0.707107
361 1 45 0.652719 0.271952 -0.707107 0.384598 -0.923084 0 -0.652719 -0.271952 -0.707107
362 1 45 0.652719 0.271952 -0.707107 0.384598 -0.923084 0 -0.652719 -0.271952 -0.707107
363 1 45 0.652719 0.271952 -0.707107 0.384598 -0.923084 0 -0.652719 -0.271952 -0.707107
364 1 45 0.652719 0.271952 -0.707107 0.384598 -0.923084 0 -0.652719 -0.271952 -0.707107
365 1 45 0.665085 0.242273 -0.706375 0.384204 -0.922128 0.045473 -0.640351 -0.301635 -0.706375
366 1 45 0.664997 0.242483 -0.706386 0.384192 -0.922149 0.0451325 -0.64045 -0.301401 -0.706386
367 1 45 0.664913 0.242683 -0.706397 0.38418 -0.92217 0.0448067 -0.640544 -0.301176 -0.706397
368 1 45 0.664816 0.242916 -0.706407 0.384202 -0.922177 0.0444673 -0.640631 -0.300966 -0.706407
369 1 45 0.664723 0.243141 -0.706418 0.384224 -0.922184 0.0441413 -0.640714 -0.300764 -0.706418
370 1 45 0.66463 0.243365 -0.706428 0.384245 -0.922191 0.0438144 -0.640798 -0.300562 -0.706428
371 1 45 0.664544 0.243571 -0.706438 0.384231 -0.922213 0.0434773 -0.640897 -0.300328 -0.706438
372 1 45 0.66445 0.243798 -0.706448 0.384253 -0.922219 0.0431481 -0.640981 -0.300124 -0.706448
373 1 45 0.664362 0.244008 -0.706459 0.384243 -0.922239 0.0428086 -0.641078 -0.299892 -0.706459
374 1 45 0.652721 0.271947 -0.707107 0.384591 -0.923087 0 -0.652721 -0.271947 -0.707107
375 1 45 0.652722 0.271946 -0.707107 0.384589 -0.923088 0 -0.652722 -0.271946 -0.707107
376 1 45 0.652722 0.271946 -0.707107 0.384589 -0.923088 0 -0.652722 -0.271946 -0.707107
377 1 45 0.652721 0.271947 -0.707107 0.384591 -0.923087 0 -0.652721 -0.271947 -0.707107
378 1 45 0.641078 0.299892 -0.706459 0.384243 -0.922239 -0.0428086 -0.664362 -0.244008 -0.706459
379 1 45 0.64098 0.300126 -0.706448 0.384255 -0.922218 -0.043148 -0.664449 -0.243799 -0.706448
380 1 45 0.640897 0.300326 -0.706438 0.384233 -0.922212 -0.0434728 -0.664542 -0.243575 -0.706438
381 1 45 0.640798 0.300563 -0.706428 0.384245 -0.922191 -0.0438166 -0.664631 -0.243364 -0.706428
382 1 45 0.640715 0.300763 -0.706418 0.384224 -0.922184 -0.0441391 -0.664723 -0.243142 -0.706418
383 1 45 0.640632 0.300964 -0.706407 0.384201 -0.922178 -0.0444661 -0.664816 -0.242916 -0.706407
384 1 45 0.640534 0.301199 -0.706397 0.384214 -0.922156 -0.0448055 -0.664904 -0.242708 -0.706397
385 1 45 0.640449 0.301403 -0.706386 0.384192 -0.922149 -0.0451357 -0.664997 -0.242481 -0.706386
386 1 45 0.640357 0.301622 -0.706376 0.384204 -0.922129 -0.0454527 -0.665079 -0.242287 -0.706376
387 1 45 0.652719 0.271952 -0.707107 0.384598 -0.923084 0 -0.652719 -0.271952 -0.707107
388 1 45 0.652719 0.271952 -0.707107 0.384598 -0.923084 0 -0.652719 -0.271952 -0.707107
389 1 45 0.652719 0.271952 -0.707107 0.384598 -0.923084 0 -0.652719 -0.271952 -0.707107
390 1 45 0.652719 0.271952 -0.707107 0.384598 -0.923084 0 -0.652719 -0.271952 -0.707107
391 1 45 0.560908 0.43056 -0.707107 0.608903 -0.793244 0 -0.560908 -0.43056 -0.707107
392 1 45 0.560908 0.43056 -0.707107 0.608903 -0.793244 0 -0.560908 -0.43056 -0.707107
393 1 45 0.560908 0.43056 -0.707107 0.608903 -0.793244 0 -0.560908 -0.43056 -0.707107
394 1 45 0.560908 0.43056 -0.707107 0.608903 -0.793244 0 -0.560908 -0.43056 -0.707107
395 1 45 0.581813 0.403327 -0.706273 0.608191 -0.792304 0.0485595 -0.539997 -0.457801 -0.706273
396 1 45 0.581664 0.40352 -0.706285 0.608185 -0.792331 0.0481939 -0.540164 -0.457585 -0.706285
397 1 45 0.581513 0.403717 -0.706297 0.608204 -0.792337 0.0478534 -0.540306 -0.4574 -0.706297
398 1 45 0.581352 0.403928 -0.706309 0.608222 -0.792345 0.0474877 -0.540459 -0.4572 -0.706309
399 1 45 0.581201 0.404124 -0.706321 0.608238 -0.792353 0.0471455 -0.540603 -0.457012 -0.706321
400 1 45 0.58104 0.404336 -0.706333 0.608259 -0.792359 0.0467817 -0.540754 -0.456815 -0.706333
401 1 45 0.580901 0.404515 -0.706344 0.608251 -0.792385 0.0464392 -0.540911 -0.456611 -0.706344
402 1 45 0.580743 0.404719 -0.706357 0.608246 -0.792411 0.0460542 -0.541086 -0.456384 -0.706356
403 1 45 0.580593 0.404915 -0.706368 0.608261 -0.79242 0.0457116 -0.541231 -0.456196 -0.706368
404 1 45 0.5609 0.43057 -0.707107 0.608918 -0.793233 0 -0.5609 -0.43057 -0.707107
405 1 45 0.5609 0.43057 -0.707107 0.608918 -0.793233 0 -0.5609 -0.43057 -0.707107
406 1 45 0.5609 0.43057 -0.707107 0.608918 -0.793233 0 -0.5609 -0.43057 -0.707107
407 1 45 0.560914 0.430552 -0.707107 0.608893 -0.793253 0 -0.560914 -0.430552 -0.707107
408 1 45 0.54123 0.456196 -0.706368 0.608261 -0.79242 -0.0457117 -0.580593 -0.404915 -0.706368
409 1 45 0.541076 0.456397 -0.706356 0.608245 -0.79241 -0.0460773 -0.580753 -0.404706 -0.706356
410 1 45 0.540911 0.456611 -0.706344 0.608251 -0.792385 -0.0464392 -0.580901 -0.404515 -0.706344
411 1 45 0.540753 0.456815 -0.706333 0.608259 -0.792359 -0.0467817 -0.58104 -0.404336 -0.706333
412 1 45 0.540601 0.457014 -0.70632 0.60824 -0.792352 -0.0471474 -0.581201 -0.404124 -0.70632
413 1 45 0.540474 0.457182 -0.706309 0.608197 -0.792365 -0.047486 -0.581364 -0.40391 -0.706309
414 1 45 0.540308 0.457398 -0.706297 0.608202 -0.792338 -0.0478516 -0.581513 -0.403717 -0.706297
415 1 45 0.540139 0.457615 -0.706284 0.608209 -0.792311 -0.048219 -0.581663 -0.403523 -0.706284
416 1 45 0.540014 0.457782 -0.706273 0.608167 -0.792323 -0.0485539 -0.581823 -0.403312 -0.706273
417 1 45 0.560908 0.43056 -0.707107 0.608903 -0.793244 0 -0.560908 -0.43056 -0.707107
418 1 45 0.560908 0.43056 -0.707107 0.608903 -0.793244 0 -0.560908 -0.43056 -0.707107
419 1 45 0.560908 0.43056 -0.707107 0.608903 -0.793244 0 -0.560908 -0.43056 -0.707107
420 1 45 0.560908 0.43056 -0.707107 0.608903 -0.793244 0 -0.560908 -0.43056 -0.707107
421 1 45 0.430567 0.560903 -0.707107 0.793237 -0.608913 0 -0.430567 -0.560903 -0.707107
422 1 45 0.430567 0.560903 -0.707107 0.793237 -0.608913 0 -0.430567 -0.560903 -0.707107
423 1 45 0.430567 0.560903 -0.707107 0.793237 -0.608913 0 -0.430567 -0.560903 -0.707107
424 1 45 0.430567 0.560903 -0.707107 0.793237 -0.608913 0 -0.430567 -0.560903 -0.707107
425 1 45 0.457796 0.540002 -0.706273 0.79231 -0.608183 0.0485602 -0.40332 -0.581818 -0.706273
426 1 45 0.457611 0.540143 -0.706285 0.792304 -0.608219 0.048198 -0.403542 -0.581649 -0.706285
427 1 45 0.457404 0.540303 -0.706296 0.792338 -0.608202 0.0478622 -0.403711 -0.581518 -0.706296
428 1 45 0.457205 0.540455 -0.706309 0.792345 -0.608222 0.0474977 -0.403922 -0.581356 -0.706309
429 1 45 0.457006 0.540607 -0.706321 0.792352 -0.608241 0.0471311 -0.404134 -0.581194 -0.706321
430 1 45 0.456795 0.54077 -0.706333 0.792374 -0.60824 0.0467696 -0.404329 -0.581044 -0.706333
431 1 45 0.456598 0.54092 -0.706345 0.792379 -0.608262 0.0464051 -0.404541 -0.580881 -0.706345
432 1 45 0.456416 0.54106 -0.706356 0.792385 -0.608279 0.0460707 -0.404734 -0.580734 -0.706356
433 1 45 0.456207 0.54122 -0.706368 0.792405 -0.60828 0.045709 -0.404931 -0.580582 -0.706368
434 1 45 0.430572 0.560899 -0.707107 0.793231 -0.608921 0 -0.430572 -0.560899 -0.707107
435 1 45 0.430572 0.560899 -0.707107 0.793231 -0.608921 0 -0.430572 -0.560899 -0.707107
436 1 45 0.430572 0.560899 -0.707107 0.793231 -0.608921 0 -0.430572 -0.560899 -0.707107
437 1 45 0.430572 0.560899 -0.707107 0.793231 -0.608921 0 -0.430572 -0.560899 -0.707107
438 1 45 0.404932 0.580581 -0.706368 0.792405 -0.60828 -0.0457061 -0.456206 -0.541222 -0.706368
439 1 45 0.404733 0.580735 -0.706356 0.792385 -0.608279 -0.0460736 -0.456418 -0.541058 -0.706356
440 1 45 0.404524 0.580894 -0.706344 0.792378 -0.608261 -0.0464351 -0.456615 -0.540907 -0.706344
441 1 45 0.404314 0.581055 -0.706332 0.79237 -0.608243 -0.0467997 -0.456814 -0.540755 -0.706332
442 1 45 0.404133 0.581194 -0.706321 0.792352 -0.608241 -0.0471326 -0.457007 -0.540607 -0.706321
443 1 45 0.403936 0.581346 -0.706309 0.79233 -0.608241 -0.047497 -0.457218 -0.540444 -0.706309
444 1 45 0.403726 0.581507 -0.706297 0.792323 -0.608221 -0.04786 -0.457415 -0.540293 -0.706297
445 1 45 0.403545 0.581647 -0.706285 0.792303 -0.608221 -0.0481957 -0.45761 -0.540143 -0.706285
446 1 45 0.403337 0.581806 -0.706273 0.792296 -0.608202 -0.048555 -0.457806 -0.539993 -0.706273
447 1 45 0.430567 0.560903 -0.707107 0.793237 -0.608913 0 -0.430567 -0.560903 -0.707107
448 1 45 0.430567 0.560903 -0.707107 0.793237 -0.608913 0 -0.430567 -0.560903 -0.707107
449 1 45 0.430567 0.560903 -0.707107 0.793237 -0.608913 0 -0.430567 -0.560903 -0.707107
450 1 45 0.430567 0.560903 -0.707107 0.793237 -0.608913 0 -0.430567 -0.560903 -0.707107
451 1 45 0.271956 0.652718 -0.707107 0.923082 -0.384603 0 -0.271956 -0.652718 -0.707107
452 1 45 0.271956 0.652718 -0.707107 0.923082 -0.384603 0 -0.271956 -0.652718 -0.707107
453 1 45 0.271956 0.652718 -0.707107 0.923082 -0.384603 0 -0.271956 -0.652718 -0.707107
454 1 45 0.271956 0.652718 -0.707107 0.923082 -0.384603 0 -0.271956 -0.652718 -0.707107
455 1 45 0.301624 0.640356 -0.706376 0.92213 -0.384202 0.045458 -0.242281 -0.665081 -0.706376
456 1 45 0.301408 0.640446 -0.706387 0.92214 -0.384218 0.0451172 -0.242511 -0.664986 -0.706387
457 1 45 0.301204 0.640531 -0.706396 0.922155 -0.384215 0.0448124 -0.242704 -0.664905 -0.706396
458 1 45 0.301004 0.640615 -0.706406 0.922169 -0.384219 0.0445075 -0.242902 -0.664823 -0.706406
459 1 45 0.300756 0.640718 -0.706418 0.922185 -0.384224 0.0441282 -0.243149 -0.66472 -0.706418
460 1 45 0.300559 0.6408 -0.706428 0.922195 -0.384233 0.0438225 -0.243351 -0.664635 -0.706428
461 1 45 0.300334 0.640894 -0.706438 0.922212 -0.384233 0.0434834 -0.243569 -0.664545 -0.706438
462 1 45 0.300113 0.640986 -0.706449 0.922224 -0.384243 0.0431408 -0.243795 -0.664451 -0.706448
463 1 45 0.299889 0.641079 -0.706459 0.922238 -0.384247 0.0427998 -0.244017 -0.664358 -0.706459
464 1 45 0.271949 0.65272 -0.707107 0.923086 -0.384594 0 -0.271949 -0.65272 -0.707107
465 1 45 0.271952 0.652719 -0.707107 0.923084 -0.384598 0 -0.271952 -0.652719 -0.707107
466 1 45 0.271952 0.652719 -0.707107 0.923084 -0.384598 0 -0.271952 -0.652719 -0.707107
467 1 45 0.271949 0.65272 -0.707107 0.923086 -0.384594 0 -0.271949 -0.65272 -0.707107
468 1 45 0.244017 0.664358 -0.706459 0.922238 -0.384247 -0.0427999 -0.299889 -0.641079 -0.706459
469 1 45 0.243794 0.664451 -0.706448 0.922224 -0.384243 -0.0431426 -0.300114 -0.640985 -0.706448
470 1 45 0.243569 0.664545 -0.706438 0.922212 -0.384233 -0.0434834 -0.300334 -0.640894 -0.706438
471 1 45 0.243351 0.664635 -0.706428 0.922195 -0.384233 -0.0438225 -0.300559 -0.6408 -0.706428
472 1 45 0.243149 0.66472 -0.706418 0.922185 -0.384224 -0.0441282 -0.300756 -0.640718 -0.706418
473 1 45 0.242928 0.664812 -0.706407 0.92217 -0.38422 -0.044469 -0.300979 -0.640625 -0.706407
474 1 45 0.242706 0.664904 -0.706397 0.922155 -0.384215 -0.0448099 -0.301203 -0.640532 -0.706397
475 1 45 0.242512 0.664986 -0.706387 0.92214 -0.384218 -0.0451164 -0.301408 -0.640446 -0.706387
476 1 45 0.242286 0.665079 -0.706376 0.922129 -0.384204 -0.0454535 -0.301622 -0.640357 -0.706376
477 1 45 0.271956 0.652718 -0.707107 0.923082 -0.384603 0 -0.271956 -0.652718 -0.707107
478 1 45 0.271956 0.652718 -0.707107 0.923082 -0.384603 0 -0.271956 -0.652718 -0.707107
479 1 45 0.271956 0.652718 -0.707107 0.923082 -0.384603 0 -0.271956 -0.652718 -0.707107
480 1 45 0.271956 0.652718 -0.707107 0.923082 -0.384603 0 -0.271956 -0.652718 -0.707107
481 1 45 0.0922854 0.701059 -0.707107 0.991447 -0.130511 0 -0.0922854 -0.701059 -0.707107
482 1 45 0.0922854 0.701059 -0.707107 0.991447 -0.130511 0 -0.0922854 -0.701059 -0.707107
483 1 45 0.0922854 0.701059 -0.707107 0.991447 -0.130511 0 -0.0922854 -0.701059 -0.707107
